O|Cosmote1|20.0|200|2015|2020|6
O|Cosmote2|20.0|200|2015|2020|4
O|Cosmote3|20.0|200|2015|2020|2
O|Cosmote4|20.0|200|2015|2020|5
O|Cosmote5|20.0|200|2015|2020|5
O|Cosmote1|20.0|200|2015|2020|6
M|OPAP|20.0|200|2015|100
O|Cosmote3|20.0|200|2015|2020|2
O|Cosmote4|20.0|200|2015|2020|5
O|Cosmote5|20.0|200|2015|2020|5
O|Cosmote1|20.0|200|2015|2020|6
M|OPAP|20.0|200|2015|100
O|Cosmote3|20.0|200|2015|2020|2
O|Cosmote4|20.0|200|2015|2020|5
O|Cosmote5|20.0|200|2015|2020|5
M|OPAP|20.0|200|2015|100
O|Cosmote3|20.0|200|2015|2020|2
O|Cosmote4|20.0|200|2015|2020|5
O|Cosmote5|20.0|200|2015|2020|5